freq	length_group	segdup	n_variants	linreg_number_reclassified.beta	linreg_number_reclassified.standard_error	linreg_number_reclassified.t_stat	linreg_number_reclassified.p_value	linreg_number_reclassified.multiple_standard_error	linreg_number_reclassified.multiple_r_squared	linreg_number_reclassified.adjusted_r_squared	linreg_number_reclassified.f_stat	linreg_number_reclassified.multiple_p_value	linreg_number_reclassified.n	linreg_number_reclassified.intercept_beta	linreg_number_reclassified.intercept_standard_error	linreg_number_reclassified.intercept_t_stat	linreg_number_reclassified.intercept_p_value	linreg_number_homvars_with_ref_support.beta	linreg_number_homvars_with_ref_support.standard_error	linreg_number_homvars_with_ref_support.t_stat	linreg_number_homvars_with_ref_support.p_value	linreg_number_homvars_with_ref_support.multiple_standard_error	linreg_number_homvars_with_ref_support.multiple_r_squared	linreg_number_homvars_with_ref_support.adjusted_r_squared	linreg_number_homvars_with_ref_support.f_stat	linreg_number_homvars_with_ref_support.multiple_p_value	linreg_number_homvars_with_ref_support.n	linreg_number_homvars_with_ref_support.intercept_beta	linreg_number_homvars_with_ref_support.intercept_standard_error	linreg_number_homvars_with_ref_support.intercept_t_stat	linreg_number_homvars_with_ref_support.intercept_p_value
0.0000e+00	-10	false	1478706	4.3967e-04	9.3687e-06	4.6929e+01	0.0000e+00	4.8128e-03	1.2298e-01	1.2292e-01	2.2024e+03	0.0000e+00	15708	3.8441e-03	5.5013e-05	6.9876e+01	0.0000e+00	2.0803e-04	1.0720e-05	1.9406e+01	6.3682e-83	5.0787e-03	2.3417e-02	2.3355e-02	3.7661e+02	6.3682e-83	15708	4.8456e-03	5.9566e-05	8.1348e+01	0.0000e+00
0.0000e+00	-10	true	116277	7.0535e-04	4.8369e-05	1.4583e+01	7.4528e-48	5.1048e-03	1.3359e-02	1.3296e-02	2.1265e+02	7.4528e-48	15708	5.3069e-03	4.8574e-05	1.0925e+02	0.0000e+00	-6.5991e-05	4.3305e-05	-1.5239e+00	1.2756e-01	5.1388e-03	1.4783e-04	8.4170e-05	2.3222e+00	1.2756e-01	15708	5.7336e-03	4.8979e-05	1.1706e+02	0.0000e+00
0.0000e+00	-5	false	1486300	7.6892e-04	1.5914e-05	4.8317e+01	0.0000e+00	4.7952e-03	1.2941e-01	1.2935e-01	2.3346e+03	0.0000e+00	15708	4.3446e-03	4.7354e-05	9.1746e+01	0.0000e+00	3.7991e-04	1.5786e-05	2.4067e+01	1.0453e-125	5.0470e-03	3.5566e-02	3.5505e-02	5.7920e+02	1.0453e-125	15708	4.8253e-03	5.4045e-05	8.9284e+01	0.0000e+00
0.0000e+00	-5	true	79988	1.6482e-03	8.7141e-05	1.8914e+01	6.5209e-79	5.0817e-03	2.2271e-02	2.2209e-02	3.5776e+02	6.5209e-79	15708	5.3981e-03	4.3437e-05	1.2427e+02	0.0000e+00	5.2362e-04	9.3678e-05	5.5895e+00	2.3148e-08	5.1341e-03	1.9853e-03	1.9217e-03	3.1243e+01	2.3148e-08	15708	5.6050e-03	4.3871e-05	1.2776e+02	0.0000e+00
0.0000e+00	-1	false	10229008	5.3295e-04	1.0707e-05	4.9777e+01	0.0000e+00	4.7763e-03	1.3626e-01	1.3621e-01	2.4777e+03	0.0000e+00	15708	4.1223e-03	4.9475e-05	8.3321e+01	0.0000e+00	1.0572e-04	2.2646e-06	4.6684e+01	0.0000e+00	4.8159e-03	1.2185e-01	1.2180e-01	2.1794e+03	0.0000e+00	15708	4.1834e-03	5.0219e-05	8.3302e+01	0.0000e+00
0.0000e+00	-1	true	543499	1.3195e-03	5.9430e-05	2.2203e+01	1.4400e-107	5.0604e-03	3.0433e-02	3.0371e-02	4.9298e+02	1.4400e-107	15708	5.2464e-03	4.5105e-05	1.1632e+02	0.0000e+00	7.3845e-04	2.7326e-05	2.7023e+01	3.0177e-157	5.0237e-03	4.4430e-02	4.4370e-02	7.3027e+02	3.0177e-157	15708	4.9878e-03	4.7826e-05	1.0429e+02	0.0000e+00
0.0000e+00	0	false	181912625	2.1208e-04	4.6912e-06	4.5209e+01	0.0000e+00	4.8343e-03	1.1515e-01	1.1509e-01	2.0438e+03	0.0000e+00	15708	4.1562e-03	5.1411e-05	8.0841e+01	0.0000e+00	6.5218e-06	1.0674e-07	6.1101e+01	0.0000e+00	4.6194e-03	1.9205e-01	1.9200e-01	3.7333e+03	0.0000e+00	15708	4.0297e-03	4.5819e-05	8.7947e+01	0.0000e+00
0.0000e+00	0	true	9283591	6.7193e-04	2.2418e-05	2.9972e+01	5.4783e-192	4.9983e-03	5.4103e-02	5.4043e-02	8.9834e+02	5.4783e-192	15708	4.9183e-03	4.7520e-05	1.0350e+02	0.0000e+00	7.0432e-05	1.4456e-06	4.8721e+01	0.0000e+00	4.7900e-03	1.3129e-01	1.3124e-01	2.3737e+03	0.0000e+00	15708	4.2289e-03	4.8616e-05	8.6986e+01	0.0000e+00
0.0000e+00	1	false	5735783	5.8555e-04	1.6197e-05	3.6151e+01	5.8427e-275	4.9379e-03	7.6817e-02	7.6758e-02	1.3069e+03	5.8427e-275	15708	4.4597e-03	5.2112e-05	8.5579e+01	0.0000e+00	6.1741e-05	2.2756e-06	2.7132e+01	1.7971e-158	5.0228e-03	4.4773e-02	4.4712e-02	7.3617e+02	1.7971e-158	15708	4.4954e-03	5.9614e-05	7.5407e+01	0.0000e+00
0.0000e+00	1	true	293274	1.4974e-03	8.7520e-05	1.7109e+01	4.9336e-65	5.0920e-03	1.8296e-02	1.8234e-02	2.9272e+02	4.9336e-65	15708	5.4411e-03	4.3211e-05	1.2592e+02	0.0000e+00	5.7164e-04	2.6128e-05	2.1878e+01	1.5101e-104	5.0626e-03	2.9575e-02	2.9513e-02	4.7867e+02	1.5101e-104	15708	5.0302e-03	5.0487e-05	9.9633e+01	0.0000e+00
0.0000e+00	5	false	914538	7.9735e-04	2.3807e-05	3.3492e+01	1.3093e-237	4.9650e-03	6.6659e-02	6.6600e-02	1.1217e+03	1.3093e-237	15708	4.6672e-03	5.0070e-05	9.3215e+01	0.0000e+00	4.1977e-05	1.3544e-05	3.0994e+00	1.9429e-03	5.1376e-03	6.1124e-04	5.4761e-04	9.6060e+00	1.9429e-03	15708	5.5633e-03	5.8539e-05	9.5035e+01	0.0000e+00
0.0000e+00	5	true	48208	1.9707e-03	1.2310e-04	1.6009e+01	3.1489e-57	5.0978e-03	1.6055e-02	1.5993e-02	2.5628e+02	3.1489e-57	15708	5.5086e-03	4.2270e-05	1.3032e+02	0.0000e+00	3.7234e-04	8.7513e-05	4.2547e+00	2.1051e-05	5.1362e-03	1.1513e-03	1.0877e-03	1.8103e+01	2.1051e-05	15708	5.6222e-03	4.4217e-05	1.2715e+02	0.0000e+00
0.0000e+00	10	false	1037559	1.0223e-03	2.0162e-05	5.0702e+01	0.0000e+00	4.7641e-03	1.4066e-01	1.4060e-01	2.5707e+03	0.0000e+00	15708	4.0460e-03	4.9998e-05	8.0924e+01	0.0000e+00	2.1854e-04	1.1440e-05	1.9104e+01	1.9123e-80	5.0805e-03	2.2709e-02	2.2647e-02	3.6496e+02	1.9123e-80	15708	4.8436e-03	6.0161e-05	8.0511e+01	0.0000e+00
0.0000e+00	10	true	72339	1.8266e-03	1.0882e-04	1.6785e+01	1.1010e-62	5.0937e-03	1.7622e-02	1.7560e-02	2.8174e+02	1.1010e-62	15708	5.4637e-03	4.2872e-05	1.2744e+02	0.0000e+00	-3.9962e-06	4.7158e-05	-8.4740e-02	9.3247e-01	5.1392e-03	4.5721e-07	-6.3213e-05	7.1809e-03	9.3247e-01	15708	5.6950e-03	4.8262e-05	1.1800e+02	0.0000e+00
1.0000e-02	-10	false	136797	1.7735e-04	2.5402e-06	6.9814e+01	0.0000e+00	4.4896e-03	2.3683e-01	2.3679e-01	4.8741e+03	0.0000e+00	15708	2.8993e-03	5.3705e-05	5.3987e+01	0.0000e+00	1.1409e-04	2.9016e-06	3.9319e+01	1.4000e-322	4.9035e-03	8.9611e-02	8.9553e-02	1.5460e+03	1.4000e-322	15708	3.6959e-03	6.4109e-05	5.7651e+01	0.0000e+00
1.0000e-02	-10	true	9925	7.9867e-04	2.3468e-05	3.4031e+01	5.4736e-245	4.9596e-03	6.8675e-02	6.8615e-02	1.1581e+03	5.4736e-245	15708	4.2638e-03	5.7700e-05	7.3896e+01	0.0000e+00	1.1509e-04	2.0607e-05	5.5852e+00	2.3735e-08	5.1341e-03	1.9822e-03	1.9186e-03	3.1194e+01	2.3735e-08	15708	5.4298e-03	6.2419e-05	8.6989e+01	0.0000e+00
1.0000e-02	-5	false	108102	3.2787e-04	4.6282e-06	7.0842e+01	0.0000e+00	4.4739e-03	2.4216e-01	2.4211e-01	5.0186e+03	0.0000e+00	15708	3.6314e-03	4.6054e-05	7.8850e+01	0.0000e+00	9.9358e-05	2.4926e-06	3.9861e+01	0.0000e+00	4.8975e-03	9.1869e-02	9.1812e-02	1.5889e+03	0.0000e+00	15708	4.2189e-03	5.3799e-05	7.8419e+01	0.0000e+00
1.0000e-02	-5	true	6068	1.5653e-03	4.5000e-05	3.4784e+01	1.8964e-255	4.9520e-03	7.1524e-02	7.1465e-02	1.2099e+03	1.8964e-255	15708	4.8766e-03	4.5954e-05	1.0612e+02	0.0000e+00	7.9005e-04	3.3829e-05	2.3354e+01	1.3008e-118	5.0522e-03	3.3561e-02	3.3500e-02	5.4542e+02	1.3008e-118	15708	5.0540e-03	4.8714e-05	1.0375e+02	0.0000e+00
1.0000e-02	-1	false	619528	2.2493e-04	3.0463e-06	7.3836e+01	0.0000e+00	4.4279e-03	2.5767e-01	2.5762e-01	5.4517e+03	0.0000e+00	15708	3.4913e-03	4.6230e-05	7.5520e+01	0.0000e+00	1.2377e-05	2.4945e-07	4.9617e+01	0.0000e+00	4.7783e-03	1.3551e-01	1.3545e-01	2.4618e+03	0.0000e+00	15708	4.2299e-03	4.8196e-05	8.7765e+01	0.0000e+00
1.0000e-02	-1	true	34143	1.1725e-03	2.9419e-05	3.9854e+01	0.0000e+00	4.8975e-03	9.1843e-02	9.1786e-02	1.5884e+03	0.0000e+00	15708	4.5919e-03	4.7854e-05	9.5957e+01	0.0000e+00	2.0332e-04	4.8443e-06	4.1971e+01	0.0000e+00	4.8732e-03	1.0085e-01	1.0079e-01	1.7616e+03	0.0000e+00	15708	4.4451e-03	4.8945e-05	9.0818e+01	0.0000e+00
1.0000e-02	0	false	5168502	7.3266e-05	1.1475e-06	6.3849e+01	0.0000e+00	4.5792e-03	2.0607e-01	2.0602e-01	4.0767e+03	0.0000e+00	15708	3.7351e-03	4.7697e-05	7.8309e+01	0.0000e+00	1.0768e-06	1.6702e-08	6.4469e+01	0.0000e+00	4.5700e-03	2.0925e-01	2.0920e-01	4.1563e+03	0.0000e+00	15708	4.0586e-03	4.4409e-05	9.1392e+01	0.0000e+00
1.0000e-02	0	true	308776	3.5351e-04	8.1359e-06	4.3451e+01	0.0000e+00	4.8556e-03	1.0731e-01	1.0725e-01	1.8880e+03	0.0000e+00	15708	4.2943e-03	5.0368e-05	8.5257e+01	0.0000e+00	1.7066e-05	3.1063e-07	5.4941e+01	0.0000e+00	4.7068e-03	1.6121e-01	1.6115e-01	3.0185e+03	0.0000e+00	15708	4.1391e-03	4.7012e-05	8.8043e+01	0.0000e+00
1.0000e-02	1	false	626830	3.1621e-04	4.7420e-06	6.6683e+01	0.0000e+00	4.5369e-03	2.2065e-01	2.2060e-01	4.4467e+03	0.0000e+00	15708	3.5815e-03	4.8092e-05	7.4471e+01	0.0000e+00	1.2199e-05	2.5032e-07	4.8734e+01	0.0000e+00	4.7898e-03	1.3135e-01	1.3130e-01	2.3750e+03	0.0000e+00	15708	4.0199e-03	5.1371e-05	7.8253e+01	0.0000e+00
1.0000e-02	1	true	33568	1.4467e-03	4.1293e-05	3.5035e+01	5.4106e-259	4.9494e-03	7.2488e-02	7.2429e-02	1.2275e+03	5.4106e-259	15708	4.9286e-03	4.5114e-05	1.0925e+02	0.0000e+00	2.2778e-04	5.1549e-06	4.4188e+01	0.0000e+00	4.8468e-03	1.1057e-01	1.1052e-01	1.9526e+03	0.0000e+00	15708	4.1876e-03	5.1535e-05	8.1257e+01	0.0000e+00
1.0000e-02	5	false	102946	4.9066e-04	6.5464e-06	7.4951e+01	0.0000e+00	4.4106e-03	2.6345e-01	2.6340e-01	5.6177e+03	0.0000e+00	15708	3.5067e-03	4.5707e-05	7.6722e+01	0.0000e+00	1.5342e-04	3.6615e-06	4.1901e+01	0.0000e+00	4.8740e-03	1.0054e-01	1.0049e-01	1.7557e+03	0.0000e+00	15708	3.9615e-03	5.6741e-05	6.9818e+01	0.0000e+00
1.0000e-02	5	true	5535	2.1440e-03	6.2041e-05	3.4557e+01	2.8045e-252	4.9543e-03	7.0662e-02	7.0603e-02	1.1942e+03	2.8045e-252	15708	5.0516e-03	4.3668e-05	1.1568e+02	0.0000e+00	1.0457e-03	4.4576e-05	2.3459e+01	1.2171e-119	5.0515e-03	3.3852e-02	3.3791e-02	5.5031e+02	1.2171e-119	15708	5.0752e-03	4.8143e-05	1.0542e+02	0.0000e+00
1.0000e-02	10	false	85934	5.0500e-04	5.7663e-06	8.7579e+01	0.0000e+00	4.2125e-03	3.2812e-01	3.2807e-01	7.6700e+03	0.0000e+00	15708	3.0987e-03	4.4800e-05	6.9166e+01	0.0000e+00	2.2485e-04	4.9808e-06	4.5143e+01	0.0000e+00	4.8351e-03	1.1485e-01	1.1480e-01	2.0379e+03	0.0000e+00	15708	3.5292e-03	6.1526e-05	5.7360e+01	0.0000e+00
1.0000e-02	10	true	4873	2.1552e-03	6.1638e-05	3.4965e+01	5.2517e-258	4.9502e-03	7.2220e-02	7.2161e-02	1.2226e+03	5.2517e-258	15708	5.0071e-03	4.4098e-05	1.1354e+02	0.0000e+00	2.9801e-04	3.1556e-05	9.4437e+00	4.0956e-21	5.1247e-03	5.6462e-03	5.5829e-03	8.9183e+01	4.0956e-21	15708	5.3524e-03	5.4509e-05	9.8193e+01	0.0000e+00
5.0000e-02	-10	false	43364	2.5719e-04	2.3068e-06	1.1149e+02	0.0000e+00	3.8396e-03	4.4180e-01	4.4177e-01	1.2431e+04	0.0000e+00	15708	1.0195e-03	5.1917e-05	1.9638e+01	7.6324e-85	1.3672e-04	2.5395e-06	5.3837e+01	0.0000e+00	4.7220e-03	1.5579e-01	1.5574e-01	2.8984e+03	0.0000e+00	15708	2.3861e-03	7.2055e-05	3.3115e+01	1.6512e-232
5.0000e-02	-10	true	3020	1.0160e-03	2.3189e-05	4.3815e+01	0.0000e+00	4.8513e-03	1.0892e-01	1.0886e-01	1.9197e+03	0.0000e+00	15708	3.8258e-03	5.7567e-05	6.6459e+01	0.0000e+00	1.9884e-04	1.9295e-05	1.0305e+01	7.9958e-25	5.1219e-03	6.7163e-03	6.6531e-03	1.0620e+02	7.9958e-25	15708	5.1395e-03	6.7477e-05	7.6167e+01	0.0000e+00
5.0000e-02	-5	false	37036	4.5112e-04	4.1251e-06	1.0936e+02	0.0000e+00	3.8722e-03	4.3228e-01	4.3225e-01	1.1959e+04	0.0000e+00	15708	2.2349e-03	4.4209e-05	5.0553e+01	0.0000e+00	1.0296e-04	1.8729e-06	5.4971e+01	0.0000e+00	4.7064e-03	1.6135e-01	1.6130e-01	3.0218e+03	0.0000e+00	15708	3.1011e-03	6.0273e-05	5.1452e+01	0.0000e+00
5.0000e-02	-5	true	2004	1.8864e-03	4.5457e-05	4.1499e+01	0.0000e+00	4.8787e-03	9.8813e-02	9.8756e-02	1.7221e+03	0.0000e+00	15708	4.6850e-03	4.5881e-05	1.0211e+02	0.0000e+00	9.0419e-04	2.9771e-05	3.0371e+01	6.2784e-197	4.9946e-03	5.5471e-02	5.5411e-02	9.2239e+02	6.2784e-197	15708	4.6798e-03	5.1968e-05	9.0050e+01	0.0000e+00
5.0000e-02	-1	false	199097	3.1604e-04	2.7857e-06	1.1345e+02	0.0000e+00	3.8100e-03	4.5039e-01	4.5036e-01	1.2871e+04	0.0000e+00	15708	2.1437e-03	4.3621e-05	4.9144e+01	0.0000e+00	9.8507e-06	1.6356e-07	6.0228e+01	0.0000e+00	4.6321e-03	1.8762e-01	1.8757e-01	3.6274e+03	0.0000e+00	15708	3.5028e-03	5.1847e-05	6.7561e+01	0.0000e+00
5.0000e-02	-1	true	11109	1.4495e-03	2.9080e-05	4.9847e+01	0.0000e+00	4.7753e-03	1.3659e-01	1.3654e-01	2.4848e+03	0.0000e+00	15708	4.1520e-03	4.9063e-05	8.4626e+01	0.0000e+00	1.8078e-04	3.4829e-06	5.1904e+01	0.0000e+00	4.7481e-03	1.4641e-01	1.4636e-01	2.6940e+03	0.0000e+00	15708	3.7810e-03	5.2839e-05	7.1556e+01	0.0000e+00
5.0000e-02	0	false	1462302	9.5310e-05	9.5497e-07	9.9804e+01	0.0000e+00	4.0201e-03	3.8808e-01	3.8805e-01	9.9609e+03	0.0000e+00	15708	2.4036e-03	4.5989e-05	5.2265e+01	0.0000e+00	1.2367e-06	1.3472e-08	9.1802e+01	0.0000e+00	4.1459e-03	3.4921e-01	3.4917e-01	8.4276e+03	0.0000e+00	15708	2.8940e-03	4.4986e-05	6.4330e+01	0.0000e+00
5.0000e-02	0	true	91481	4.5126e-04	7.2846e-06	6.1948e+01	0.0000e+00	4.6071e-03	1.9636e-01	1.9631e-01	3.8375e+03	0.0000e+00	15708	3.3725e-03	5.2480e-05	6.4264e+01	0.0000e+00	2.1277e-05	2.7379e-07	7.7712e+01	0.0000e+00	4.3677e-03	2.7772e-01	2.7768e-01	6.0391e+03	0.0000e+00	15708	3.0077e-03	4.9074e-05	6.1289e+01	0.0000e+00
5.0000e-02	1	false	213976	4.0321e-04	3.9792e-06	1.0133e+02	0.0000e+00	3.9963e-03	3.9532e-01	3.9528e-01	1.0268e+04	0.0000e+00	15708	2.3250e-03	4.6058e-05	5.0481e+01	0.0000e+00	1.1010e-05	1.7287e-07	6.3692e+01	0.0000e+00	4.5815e-03	2.0527e-01	2.0522e-01	4.0567e+03	0.0000e+00	15708	3.1297e-03	5.4366e-05	5.7567e+01	0.0000e+00
5.0000e-02	1	true	11540	1.5142e-03	3.5963e-05	4.2104e+01	0.0000e+00	4.8716e-03	1.0142e-01	1.0136e-01	1.7727e+03	0.0000e+00	15708	4.6501e-03	4.6089e-05	1.0089e+02	0.0000e+00	2.0595e-04	3.6386e-06	5.6601e+01	0.0000e+00	4.6837e-03	1.6942e-01	1.6937e-01	3.2037e+03	0.0000e+00	15708	3.4913e-03	5.3938e-05	6.4729e+01	0.0000e+00
5.0000e-02	5	false	34056	6.3513e-04	5.5880e-06	1.1366e+02	0.0000e+00	3.8068e-03	4.5130e-01	4.5127e-01	1.2918e+04	0.0000e+00	15708	2.1551e-03	4.3490e-05	4.9553e+01	0.0000e+00	1.8270e-04	3.0832e-06	5.9255e+01	0.0000e+00	4.6461e-03	1.8271e-01	1.8266e-01	3.5112e+03	0.0000e+00	15708	2.7841e-03	6.1513e-05	4.5261e+01	0.0000e+00
5.0000e-02	5	true	1784	2.3262e-03	5.8213e-05	3.9960e+01	0.0000e+00	4.8963e-03	9.2285e-02	9.2227e-02	1.5968e+03	0.0000e+00	15708	4.8660e-03	4.4208e-05	1.1007e+02	0.0000e+00	1.1005e-03	3.9761e-05	2.7678e+01	1.1077e-164	5.0183e-03	4.6509e-02	4.6448e-02	7.6609e+02	1.1077e-164	15708	4.8860e-03	4.9527e-05	9.8653e+01	0.0000e+00
5.0000e-02	10	false	24917	6.5459e-04	4.9664e-06	1.3180e+02	0.0000e+00	3.5413e-03	5.2519e-01	5.2516e-01	1.7372e+04	0.0000e+00	15708	1.7226e-03	4.1300e-05	4.1711e+01	0.0000e+00	3.0271e-04	4.9815e-06	6.0766e+01	0.0000e+00	4.6243e-03	1.9035e-01	1.9030e-01	3.6926e+03	0.0000e+00	15708	2.3771e-03	6.5869e-05	3.6088e+01	4.7833e-274
5.0000e-02	10	true	1421	2.4711e-03	5.8185e-05	4.2469e+01	0.0000e+00	4.8673e-03	1.0301e-01	1.0295e-01	1.8036e+03	0.0000e+00	15708	4.7972e-03	4.4192e-05	1.0856e+02	0.0000e+00	4.2627e-04	3.0141e-05	1.4142e+01	3.9406e-45	5.1068e-03	1.2574e-02	1.2511e-02	2.0001e+02	3.9406e-45	15708	5.1132e-03	5.7793e-05	8.8475e+01	0.0000e+00
1.0000e-01	-10	false	34523	1.9947e-04	8.9161e-07	2.2372e+02	0.0000e+00	2.5116e-03	7.6115e-01	7.6114e-01	5.0052e+04	0.0000e+00	15708	-1.6850e-03	3.8589e-05	-4.3664e+01	0.0000e+00	9.5473e-05	1.3240e-06	7.2107e+01	0.0000e+00	4.4545e-03	2.4871e-01	2.4866e-01	5.1994e+03	0.0000e+00	15708	5.9484e-04	7.9131e-05	7.5171e+00	5.9032e-14
1.0000e-01	-10	true	2313	1.0875e-03	1.4828e-05	7.3340e+01	0.0000e+00	4.4355e-03	2.5510e-01	2.5505e-01	5.3787e+03	0.0000e+00	15708	2.0158e-03	6.1369e-05	3.2847e+01	6.4259e-229	2.4012e-04	1.2973e-05	1.8509e+01	1.1160e-75	5.0841e-03	2.1346e-02	2.1284e-02	3.4258e+02	1.1160e-75	15708	4.3965e-03	8.0936e-05	5.4320e+01	0.0000e+00
1.0000e-01	-5	false	32881	3.4628e-04	1.4932e-06	2.3190e+02	0.0000e+00	2.4433e-03	7.7396e-01	7.7395e-01	5.3779e+04	0.0000e+00	15708	-3.0566e-04	3.2390e-05	-9.4369e+00	4.3650e-21	6.9952e-05	8.7239e-07	8.0184e+01	0.0000e+00	4.3290e-03	2.9046e-01	2.9042e-01	6.4295e+03	0.0000e+00	15708	1.0997e-03	6.6890e-05	1.6440e+01	3.1427e-60
1.0000e-01	-5	true	1852	1.8407e-03	2.6594e-05	6.9213e+01	0.0000e+00	4.4987e-03	2.3372e-01	2.3367e-01	4.7905e+03	0.0000e+00	15708	3.4085e-03	4.8762e-05	6.9901e+01	0.0000e+00	7.7125e-04	1.5505e-05	4.9743e+01	0.0000e+00	4.7767e-03	1.3610e-01	1.3605e-01	2.4744e+03	0.0000e+00	15708	3.3907e-03	5.9953e-05	5.6557e+01	0.0000e+00
1.0000e-01	-1	false	197016	2.3189e-04	9.4695e-07	2.4488e+02	0.0000e+00	2.3413e-03	7.9245e-01	7.9243e-01	5.9966e+04	0.0000e+00	15708	-2.9077e-04	3.0758e-05	-9.4535e+00	3.7303e-21	6.5965e-06	6.9216e-08	9.5304e+01	0.0000e+00	4.0907e-03	3.6641e-01	3.6637e-01	9.0828e+03	0.0000e+00	15708	1.1285e-03	5.7956e-05	1.9472e+01	1.8129e-83
1.0000e-01	-1	true	11206	1.2961e-03	1.6195e-05	8.0029e+01	0.0000e+00	4.3314e-03	2.8966e-01	2.8962e-01	6.4046e+03	0.0000e+00	15708	2.7402e-03	5.0553e-05	5.4205e+01	0.0000e+00	1.2616e-04	1.5063e-06	8.3755e+01	0.0000e+00	4.2728e-03	3.0874e-01	3.0870e-01	7.0149e+03	0.0000e+00	15708	1.6498e-03	5.9097e-05	2.7916e+01	2.0156e-167
1.0000e-01	0	false	1509685	7.3087e-05	3.4339e-07	2.1284e+02	0.0000e+00	2.6076e-03	7.4256e-01	7.4254e-01	4.5302e+04	0.0000e+00	15708	-3.2696e-04	3.5111e-05	-9.3122e+00	1.4151e-20	8.3237e-07	4.9073e-09	1.6962e+02	0.0000e+00	3.0540e-03	6.4687e-01	6.4684e-01	2.8770e+04	0.0000e+00	15708	2.2881e-04	4.0392e-05	5.6648e+00	1.4981e-08
1.0000e-01	0	true	96903	3.7565e-04	3.5671e-06	1.0531e+02	0.0000e+00	3.9345e-03	4.1387e-01	4.1383e-01	1.1090e+04	0.0000e+00	15708	7.2209e-04	5.6688e-05	1.2738e+01	5.5357e-37	1.4796e-05	1.0800e-07	1.3700e+02	0.0000e+00	3.4687e-03	5.4444e-01	5.4441e-01	1.8770e+04	0.0000e+00	15708	2.4179e-04	4.8467e-05	4.9888e+00	6.1418e-07
1.0000e-01	1	false	199768	3.1779e-04	1.6030e-06	1.9825e+02	0.0000e+00	2.7461e-03	7.1448e-01	7.1446e-01	3.9302e+04	0.0000e+00	15708	-3.1057e-04	3.7378e-05	-8.3090e+00	1.0431e-16	7.9716e-06	8.0578e-08	9.8930e+01	0.0000e+00	4.0338e-03	3.8391e-01	3.8387e-01	9.7871e+03	0.0000e+00	15708	4.8762e-04	6.1678e-05	7.9059e+00	2.8364e-15
1.0000e-01	1	true	10865	1.4879e-03	2.2134e-05	6.7223e+01	0.0000e+00	4.5288e-03	2.2343e-01	2.2338e-01	4.5189e+03	0.0000e+00	15708	3.4817e-03	4.8863e-05	7.1254e+01	0.0000e+00	1.5552e-04	1.7486e-06	8.8941e+01	0.0000e+00	4.1910e-03	3.3496e-01	3.3492e-01	7.9106e+03	0.0000e+00	15708	1.1414e-03	6.1131e-05	1.8671e+01	5.8275e-77
1.0000e-01	5	false	27000	4.7958e-04	2.1734e-06	2.2066e+02	0.0000e+00	2.5381e-03	7.5610e-01	7.5609e-01	4.8690e+04	0.0000e+00	15708	5.9847e-05	3.2585e-05	1.8367e+00	6.6279e-02	1.0966e-04	1.5176e-06	7.2260e+01	0.0000e+00	4.4522e-03	2.4950e-01	2.4946e-01	5.2215e+03	0.0000e+00	15708	1.6412e-03	6.6376e-05	2.4725e+01	1.9336e-132
1.0000e-01	5	true	1303	2.4232e-03	3.9185e-05	6.1841e+01	0.0000e+00	4.6087e-03	1.9582e-01	1.9576e-01	3.8244e+03	0.0000e+00	15708	4.1225e-03	4.4687e-05	9.2253e+01	0.0000e+00	1.0390e-03	2.5683e-05	4.0457e+01	0.0000e+00	4.8907e-03	9.4376e-02	9.4318e-02	1.6367e+03	0.0000e+00	15708	4.1778e-03	5.4085e-05	7.7245e+01	0.0000e+00
1.0000e-01	10	false	16835	4.3703e-04	2.1139e-06	2.0674e+02	0.0000e+00	2.6640e-03	7.3129e-01	7.3127e-01	4.2743e+04	0.0000e+00	15708	2.7108e-04	3.3757e-05	8.0304e+00	1.0397e-15	2.0655e-04	2.7147e-06	7.6087e+01	0.0000e+00	4.3930e-03	2.6932e-01	2.6928e-01	5.7892e+03	0.0000e+00	15708	1.3804e-03	6.6640e-05	2.0715e+01	4.6028e-94
1.0000e-01	10	true	989	2.3251e-03	4.0473e-05	5.7449e+01	0.0000e+00	4.6718e-03	1.7364e-01	1.7359e-01	3.3003e+03	0.0000e+00	15708	4.1524e-03	4.5918e-05	9.0431e+01	0.0000e+00	5.0212e-04	2.2224e-05	2.2593e+01	2.9633e-111	5.0577e-03	3.1478e-02	3.1416e-02	5.1046e+02	2.9633e-111	15708	4.5917e-03	6.3276e-05	7.2565e+01	0.0000e+00
2.0000e-01	-10	false	43309	3.5816e-05	1.1733e-07	3.0525e+02	0.0000e+00	1.9518e-03	8.5576e-01	8.5575e-01	9.3179e+04	0.0000e+00	15708	-1.8483e-03	2.9203e-05	-6.3290e+01	0.0000e+00	1.2364e-05	1.9418e-07	6.3672e+01	0.0000e+00	4.5818e-03	2.0516e-01	2.0511e-01	4.0541e+03	0.0000e+00	15708	1.1601e-03	8.0027e-05	1.4496e+01	2.5929e-47
2.0000e-01	-10	true	2747	4.6300e-04	3.1392e-06	1.4749e+02	0.0000e+00	3.3277e-03	5.8072e-01	5.8070e-01	2.1754e+04	0.0000e+00	15708	-1.3845e-03	5.4840e-05	-2.5245e+01	7.0816e-138	9.2727e-05	2.7735e-06	3.3434e+01	8.1246e-237	4.9655e-03	6.6443e-02	6.6383e-02	1.1178e+03	8.1246e-237	15708	2.8043e-03	9.5047e-05	2.9504e+01	2.9886e-186
2.0000e-01	-5	false	45665	6.6948e-05	1.6671e-07	4.0159e+02	0.0000e+00	1.5310e-03	9.1126e-01	9.1125e-01	1.6128e+05	0.0000e+00	15708	-1.0124e-03	2.0688e-05	-4.8938e+01	0.0000e+00	8.6028e-06	1.1361e-07	7.5724e+01	0.0000e+00	4.3986e-03	2.6745e-01	2.6740e-01	5.7341e+03	0.0000e+00	15708	1.3065e-03	6.7728e-05	1.9290e+01	5.7774e-82
2.0000e-01	-5	true	2368	8.8320e-04	5.4354e-06	1.6249e+02	0.0000e+00	3.1387e-03	6.2701e-01	6.2699e-01	2.6402e+04	0.0000e+00	15708	-1.6502e-04	4.3895e-05	-3.7595e+00	1.7090e-04	1.7659e-04	2.4826e-06	7.1132e+01	0.0000e+00	4.4695e-03	2.4366e-01	2.4361e-01	5.0598e+03	0.0000e+00	15708	1.7868e-03	6.5475e-05	2.7290e+01	2.9668e-160
2.0000e-01	-1	false	405354	4.3543e-05	9.7582e-08	4.4622e+02	0.0000e+00	1.3896e-03	9.2689e-01	9.2688e-01	1.9911e+05	0.0000e+00	15708	-1.5237e-03	1.9608e-05	-7.7706e+01	0.0000e+00	5.3954e-07	5.7322e-09	9.4124e+01	0.0000e+00	4.1093e-03	3.6065e-01	3.6060e-01	8.8594e+03	0.0000e+00	15708	-8.3112e-04	7.6676e-05	-1.0839e+01	2.7971e-27
2.0000e-01	-1	true	20890	4.9408e-04	2.8760e-06	1.7180e+02	0.0000e+00	3.0288e-03	6.5267e-01	6.5265e-01	2.9514e+04	0.0000e+00	15708	-1.9140e-03	5.0444e-05	-3.7944e+01	1.6387e-301	1.2333e-05	1.3606e-07	9.0642e+01	0.0000e+00	4.1642e-03	3.4345e-01	3.4341e-01	8.2159e+03	0.0000e+00	15708	-5.5103e-04	7.6479e-05	-7.2050e+00	6.0667e-13
2.0000e-01	0	false	3992183	1.1065e-05	2.2683e-08	4.8779e+02	0.0000e+00	1.2788e-03	9.3808e-01	9.3807e-01	2.3794e+05	0.0000e+00	15708	-2.0037e-03	1.8790e-05	-1.0664e+02	0.0000e+00	8.6616e-08	3.5603e-10	2.4328e+02	0.0000e+00	2.3535e-03	7.9029e-01	7.9027e-01	5.9187e+04	0.0000e+00	15708	-2.3768e-03	3.8116e-05	-6.2357e+01	0.0000e+00
2.0000e-01	0	true	237455	9.1362e-05	4.0307e-07	2.2666e+02	0.0000e+00	2.4867e-03	7.6587e-01	7.6585e-01	5.1376e+04	0.0000e+00	15708	-5.4358e-03	5.2955e-05	-1.0265e+02	0.0000e+00	1.6699e-06	8.5222e-09	1.9594e+02	0.0000e+00	2.7691e-03	7.0968e-01	7.0966e-01	3.8393e+04	0.0000e+00	15708	-3.0067e-03	4.9592e-05	-6.0629e+01	0.0000e+00
2.0000e-01	1	false	398431	4.8958e-05	1.1551e-07	4.2386e+02	0.0000e+00	1.4572e-03	9.1961e-01	9.1960e-01	1.7966e+05	0.0000e+00	15708	-1.4049e-03	2.0386e-05	-6.8915e+01	0.0000e+00	7.3270e-07	8.5993e-09	8.5205e+01	0.0000e+00	4.2500e-03	3.1612e-01	3.1607e-01	7.2599e+03	0.0000e+00	15708	-5.8575e-04	8.1116e-05	-7.2212e+00	5.3907e-13
2.0000e-01	1	true	19826	6.3751e-04	3.7412e-06	1.7040e+02	0.0000e+00	3.0449e-03	6.4897e-01	6.4895e-01	2.9037e+04	0.0000e+00	15708	-1.2042e-03	4.7206e-05	-2.5509e+01	1.1195e-140	1.6941e-05	2.0512e-07	8.2592e+01	0.0000e+00	4.2912e-03	3.0280e-01	3.0276e-01	6.8214e+03	0.0000e+00	15708	-3.9760e-04	8.1302e-05	-4.8904e+00	1.0164e-06
2.0000e-01	5	false	35064	8.4423e-05	2.1235e-07	3.9756e+02	0.0000e+00	1.5451e-03	9.0961e-01	9.0960e-01	1.5805e+05	0.0000e+00	15708	-4.9151e-04	1.9849e-05	-2.4763e+01	7.8536e-133	1.5947e-05	1.8436e-07	8.6498e+01	0.0000e+00	4.2296e-03	3.2266e-01	3.2262e-01	7.4819e+03	0.0000e+00	15708	1.2070e-03	6.1874e-05	1.9507e+01	9.3878e-84
2.0000e-01	5	true	1714	1.1537e-03	7.3795e-06	1.5634e+02	0.0000e+00	3.2144e-03	6.0880e-01	6.0877e-01	2.4442e+04	0.0000e+00	15708	9.1438e-04	3.9899e-05	2.2917e+01	2.3276e-114	3.1540e-04	4.3306e-06	7.2831e+01	0.0000e+00	4.4434e-03	2.5246e-01	2.5242e-01	5.3043e+03	0.0000e+00	15708	1.9965e-03	6.1908e-05	3.2250e+01	5.2926e-221
2.0000e-01	10	false	19147	7.4468e-05	1.9240e-07	3.8705e+02	0.0000e+00	1.5831e-03	9.0511e-01	9.0510e-01	1.4980e+05	0.0000e+00	15708	-6.8473e-04	2.0762e-05	-3.2980e+01	1.0844e-230	4.1039e-05	4.4338e-07	9.2559e+01	0.0000e+00	4.1340e-03	3.5295e-01	3.5291e-01	8.5672e+03	0.0000e+00	15708	4.8677e-04	6.5204e-05	7.4654e+00	8.7420e-14
2.0000e-01	10	true	1084	1.1103e-03	7.2361e-06	1.5344e+02	0.0000e+00	3.2510e-03	5.9984e-01	5.9981e-01	2.3543e+04	0.0000e+00	15708	9.7681e-04	4.0218e-05	2.4288e+01	5.9788e-128	2.5628e-04	6.4717e-06	3.9600e+01	0.0000e+00	4.9004e-03	9.0779e-02	9.0721e-02	1.5681e+03	0.0000e+00	15708	2.8353e-03	8.2071e-05	3.4547e+01	3.8800e-252
