freq	length_group	segdup	n_variants	linreg_number_reclassified.beta	linreg_number_reclassified.standard_error	linreg_number_reclassified.t_stat	linreg_number_reclassified.p_value	linreg_number_reclassified.multiple_standard_error	linreg_number_reclassified.multiple_r_squared	linreg_number_reclassified.adjusted_r_squared	linreg_number_reclassified.f_stat	linreg_number_reclassified.multiple_p_value	linreg_number_reclassified.n	linreg_number_reclassified.intercept_beta	linreg_number_reclassified.intercept_standard_error	linreg_number_reclassified.intercept_t_stat	linreg_number_reclassified.intercept_p_value	linreg_number_homvars_with_ref_support.beta	linreg_number_homvars_with_ref_support.standard_error	linreg_number_homvars_with_ref_support.t_stat	linreg_number_homvars_with_ref_support.p_value	linreg_number_homvars_with_ref_support.multiple_standard_error	linreg_number_homvars_with_ref_support.multiple_r_squared	linreg_number_homvars_with_ref_support.adjusted_r_squared	linreg_number_homvars_with_ref_support.f_stat	linreg_number_homvars_with_ref_support.multiple_p_value	linreg_number_homvars_with_ref_support.n	linreg_number_homvars_with_ref_support.intercept_beta	linreg_number_homvars_with_ref_support.intercept_standard_error	linreg_number_homvars_with_ref_support.intercept_t_stat	linreg_number_homvars_with_ref_support.intercept_p_value
0.0000e+00	-10	false	48325	5.5289e-04	1.7642e-04	3.1339e+00	1.7254e-03	8.3046e-03	7.8099e-05	7.0147e-05	9.8213e+00	1.7254e-03	125748	4.8471e-03	2.3609e-05	2.0530e+02	0.0000e+00	-7.3064e-04	1.2734e-04	-5.7376e+00	9.6231e-09	8.3038e-03	2.6173e-04	2.5378e-04	3.2920e+01	9.6231e-09	125748	4.8767e-03	2.3682e-05	2.0593e+02	0.0000e+00
0.0000e+00	-10	true	7718	-6.8513e-04	1.9229e-04	-3.5630e+00	3.6676e-04	8.3045e-03	1.0095e-04	9.2996e-05	1.2695e+01	3.6676e-04	125748	4.8661e-03	2.3574e-05	2.0642e+02	0.0000e+00	-2.0954e-03	1.1756e-04	-1.7824e+01	5.5927e-71	8.2944e-03	2.5202e-03	2.5123e-03	3.1771e+02	5.5927e-71	125748	4.9285e-03	2.3737e-05	2.0763e+02	0.0000e+00
0.0000e+00	-5	false	51568	2.7772e-03	2.8836e-04	9.6310e+00	6.0187e-22	8.3018e-03	7.3710e-04	7.2916e-04	9.2756e+01	6.0187e-22	125748	4.8387e-03	2.3484e-05	2.0604e+02	0.0000e+00	1.1267e-03	1.6926e-04	6.6565e+00	2.8149e-11	8.3034e-03	3.5225e-04	3.4430e-04	4.4310e+01	2.8149e-11	125748	4.8373e-03	2.3592e-05	2.0504e+02	0.0000e+00
0.0000e+00	-5	true	5790	-4.2193e-04	5.8480e-04	-7.2149e-01	4.7061e-01	8.3049e-03	4.1396e-06	-3.8129e-06	5.2055e-01	4.7061e-01	125748	4.8571e-03	2.3439e-05	2.0723e+02	0.0000e+00	2.8186e-04	3.9131e-04	7.2029e-01	4.7135e-01	8.3049e-03	4.1259e-06	-3.8266e-06	5.1882e-01	4.7135e-01	125748	4.8554e-03	2.3461e-05	2.0696e+02	0.0000e+00
0.0000e+00	-1	false	421843	4.6640e-03	2.2649e-04	2.0592e+01	4.5914e-94	8.2909e-03	3.3609e-03	3.3530e-03	4.2405e+02	4.5914e-94	125748	4.8128e-03	2.3476e-05	2.0501e+02	0.0000e+00	3.3610e-03	5.0828e-05	6.6125e+01	0.0000e+00	8.1642e-03	3.3604e-02	3.3597e-02	4.3726e+03	0.0000e+00	125748	4.4775e-03	2.3725e-05	1.8872e+02	0.0000e+00
0.0000e+00	-1	true	55595	-1.0897e-03	2.6168e-04	-4.1644e+00	3.1231e-05	8.3043e-03	1.3790e-04	1.2995e-04	1.7343e+01	3.1231e-05	125748	4.8645e-03	2.3498e-05	2.0702e+02	0.0000e+00	1.5025e-03	1.1319e-04	1.3274e+01	3.4823e-40	8.2991e-03	1.3993e-03	1.3913e-03	1.7620e+02	3.4823e-40	125748	4.8020e-03	2.3760e-05	2.0211e+02	0.0000e+00
0.0000e+00	0	false	12210843	2.6305e-03	8.4342e-05	3.1188e+01	1.0038e-212	8.2730e-03	7.6761e-03	7.6682e-03	9.7271e+02	1.0038e-212	125748	4.7293e-03	2.3683e-05	1.9969e+02	0.0000e+00	1.9636e-04	1.7889e-06	1.0977e+02	0.0000e+00	7.9335e-03	8.7444e-02	8.7437e-02	1.2049e+04	0.0000e+00	125748	3.9838e-03	2.3743e-05	1.6779e+02	0.0000e+00
0.0000e+00	0	true	1717023	5.3355e-06	5.1081e-05	1.0445e-01	9.1681e-01	8.3049e-03	8.6764e-08	-7.8658e-06	1.0910e-02	9.1681e-01	125748	4.8559e-03	2.4022e-05	2.0214e+02	0.0000e+00	3.0528e-04	5.5913e-06	5.4599e+01	0.0000e+00	8.2082e-03	2.3158e-02	2.3150e-02	2.9811e+03	0.0000e+00	125748	4.2490e-03	2.5682e-05	1.6545e+02	0.0000e+00
0.0000e+00	1	false	187786	-1.0853e-04	2.4746e-04	-4.3858e-01	6.6096e-01	8.3049e-03	1.5297e-06	-6.4228e-06	1.9236e-01	6.6096e-01	125748	4.8573e-03	2.3510e-05	2.0661e+02	0.0000e+00	1.2700e-03	5.2798e-05	2.4054e+01	1.4684e-127	8.2858e-03	4.5803e-03	4.5724e-03	5.7860e+02	1.4684e-127	125748	4.6889e-03	2.4383e-05	1.9230e+02	0.0000e+00
0.0000e+00	1	true	23428	-1.4412e-04	4.1840e-04	-3.4445e-01	7.3051e-01	8.3049e-03	9.4355e-07	-7.0090e-06	1.1865e-01	7.3051e-01	125748	4.8569e-03	2.3450e-05	2.0712e+02	0.0000e+00	1.3635e-03	1.3626e-04	1.0006e+01	1.4591e-23	8.3016e-03	7.9563e-04	7.8768e-04	1.0013e+02	1.4591e-23	125748	4.8197e-03	2.3697e-05	2.0339e+02	0.0000e+00
0.0000e+00	5	false	28195	-6.5662e-04	2.8936e-04	-2.2692e+00	2.3257e-02	8.3047e-03	4.0948e-05	3.2996e-05	5.1493e+00	2.3257e-02	125748	4.8607e-03	2.3495e-05	2.0689e+02	0.0000e+00	-7.5876e-04	1.1438e-04	-6.6339e+00	3.2828e-11	8.3034e-03	3.4986e-04	3.4191e-04	4.4008e+01	3.2828e-11	125748	4.8830e-03	2.3757e-05	2.0554e+02	0.0000e+00
0.0000e+00	5	true	3061	-1.5592e-03	5.6038e-04	-2.7825e+00	5.3953e-03	8.3046e-03	6.1566e-05	5.3614e-05	7.7422e+00	5.3953e-03	125748	4.8591e-03	2.3439e-05	2.0731e+02	0.0000e+00	-2.6634e-03	3.9789e-04	-6.6939e+00	2.1825e-11	8.3034e-03	3.5621e-04	3.4826e-04	4.4808e+01	2.1825e-11	125748	4.8656e-03	2.3456e-05	2.0744e+02	0.0000e+00
0.0000e+00	10	false	29718	-1.2657e-03	3.3271e-04	-3.8042e+00	1.4236e-04	8.3044e-03	1.1507e-04	1.0712e-04	1.4472e+01	1.4236e-04	125748	4.8626e-03	2.3475e-05	2.0714e+02	0.0000e+00	-1.1295e-03	9.5045e-05	-1.1884e+01	1.4900e-32	8.3002e-03	1.1219e-03	1.1140e-03	1.4123e+02	1.4900e-32	125748	4.8917e-03	2.3594e-05	2.0733e+02	0.0000e+00
0.0000e+00	10	true	5093	-5.6642e-04	6.2289e-04	-9.0934e-01	3.6317e-01	8.3049e-03	6.5759e-06	-1.3766e-06	8.2690e-01	3.6317e-01	125748	4.8572e-03	2.3435e-05	2.0726e+02	0.0000e+00	-1.1228e-03	7.9205e-05	-1.4176e+01	1.3996e-45	8.2983e-03	1.5956e-03	1.5876e-03	2.0096e+02	1.3996e-45	125748	4.8886e-03	2.3511e-05	2.0793e+02	0.0000e+00
1.0000e-02	-10	false	429	1.4202e-03	1.0065e-04	1.4110e+01	3.5663e-45	8.2983e-03	1.5808e-03	1.5729e-03	1.9909e+02	3.5663e-45	125748	4.7929e-03	2.3830e-05	2.0113e+02	0.0000e+00	3.5108e-04	9.1725e-05	3.8276e+00	1.2947e-04	8.3044e-03	1.1649e-04	1.0854e-04	1.4650e+01	1.2947e-04	125748	4.8347e-03	2.4100e-05	2.0061e+02	0.0000e+00
1.0000e-02	-10	true	103	-2.5614e-04	1.4221e-04	-1.8012e+00	7.1678e-02	8.3048e-03	2.5799e-05	1.7847e-05	3.2442e+00	7.1678e-02	125748	4.8634e-03	2.3732e-05	2.0493e+02	0.0000e+00	-2.5435e-03	7.0384e-05	-3.6138e+01	1.6865e-284	8.2621e-03	1.0279e-02	1.0271e-02	1.3059e+03	1.6865e-284	125748	5.1285e-03	2.4485e-05	2.0945e+02	0.0000e+00
1.0000e-02	-5	false	431	5.4301e-03	1.9515e-04	2.7825e+01	7.1305e-170	8.2794e-03	6.1194e-03	6.1115e-03	7.7422e+02	7.1305e-170	125748	4.7798e-03	2.3510e-05	2.0331e+02	0.0000e+00	2.9746e-03	1.0529e-04	2.8250e+01	4.9964e-175	8.2787e-03	6.3067e-03	6.2988e-03	7.9808e+02	4.9964e-175	125748	4.7148e-03	2.3878e-05	1.9745e+02	0.0000e+00
1.0000e-02	-5	true	32	5.6103e-03	5.2138e-04	1.0760e+01	5.4349e-27	8.3011e-03	9.1996e-04	9.1201e-04	1.1579e+02	5.4349e-27	125748	4.8451e-03	2.3433e-05	2.0677e+02	0.0000e+00	-2.5458e-03	2.4599e-04	-1.0349e+01	4.3210e-25	8.3014e-03	8.5103e-04	8.4309e-04	1.0711e+02	4.3210e-25	125748	4.8793e-03	2.3514e-05	2.0751e+02	0.0000e+00
1.0000e-02	-1	false	3162	4.5388e-03	1.2689e-04	3.5770e+01	8.3854e-279	8.2630e-03	1.0072e-02	1.0065e-02	1.2795e+03	8.3854e-279	125748	4.7438e-03	2.3514e-05	2.0175e+02	0.0000e+00	2.5010e-03	2.5465e-05	9.8215e+01	0.0000e+00	8.0036e-03	7.1246e-02	7.1239e-02	9.6462e+03	0.0000e+00	125748	3.9332e-03	2.4449e-05	1.6087e+02	0.0000e+00
1.0000e-02	-1	true	334	-1.7367e-04	1.9152e-04	-9.0684e-01	3.6449e-01	8.3049e-03	6.5398e-06	-1.4127e-06	8.2236e-01	3.6449e-01	125748	4.8590e-03	2.3591e-05	2.0597e+02	0.0000e+00	2.9210e-03	8.5255e-05	3.4262e+01	4.3680e-256	8.2664e-03	9.2492e-03	9.2413e-03	1.1739e+03	4.3680e-256	125748	4.6581e-03	2.4019e-05	1.9394e+02	0.0000e+00
1.0000e-02	0	false	44264	2.3495e-03	5.0093e-05	4.6901e+01	0.0000e+00	8.2332e-03	1.7193e-02	1.7185e-02	2.1997e+03	0.0000e+00	125748	4.5653e-03	2.4033e-05	1.8996e+02	0.0000e+00	1.5420e-04	8.5704e-07	1.7992e+02	0.0000e+00	7.4061e-03	2.0473e-01	2.0472e-01	3.2371e+04	0.0000e+00	125748	3.0827e-03	2.3095e-05	1.3348e+02	0.0000e+00
1.0000e-02	0	true	10460	-8.9101e-05	3.1593e-05	-2.8202e+00	4.7997e-03	8.3046e-03	6.3248e-05	5.5296e-05	7.9537e+00	4.7997e-03	125748	4.8820e-03	2.5116e-05	1.9438e+02	0.0000e+00	2.8350e-04	3.5550e-06	7.9746e+01	0.0000e+00	8.1025e-03	4.8139e-02	4.8132e-02	6.3595e+03	0.0000e+00	125748	3.6052e-03	2.7718e-05	1.3007e+02	0.0000e+00
1.0000e-02	1	false	2675	1.2247e-03	1.2624e-04	9.7017e+00	3.0183e-22	8.3018e-03	7.4796e-04	7.4001e-04	9.4123e+01	3.0183e-22	125748	4.8234e-03	2.3657e-05	2.0389e+02	0.0000e+00	6.9332e-04	2.4360e-05	2.8461e+01	1.2922e-177	8.2783e-03	6.4008e-03	6.3929e-03	8.1006e+02	1.2922e-177	125748	4.4940e-03	2.6591e-05	1.6900e+02	0.0000e+00
1.0000e-02	1	true	277	8.7932e-04	1.8774e-04	4.6838e+00	2.8193e-06	8.3042e-03	1.7443e-04	1.6648e-04	2.1938e+01	2.8193e-06	125748	4.8430e-03	2.3593e-05	2.0527e+02	0.0000e+00	1.3917e-03	1.0838e-04	1.2840e+01	1.0306e-37	8.2994e-03	1.3094e-03	1.3015e-03	1.6487e+02	1.0306e-37	125748	4.7955e-03	2.3881e-05	2.0081e+02	0.0000e+00
1.0000e-02	5	false	258	5.4855e-04	1.8629e-04	2.9445e+00	3.2352e-03	8.3046e-03	6.8945e-05	6.0993e-05	8.6702e+00	3.2352e-03	125748	4.8484e-03	2.3576e-05	2.0565e+02	0.0000e+00	7.7060e-04	9.7651e-05	7.8914e+00	3.0125e-15	8.3028e-03	4.9499e-04	4.8704e-04	6.2274e+01	3.0125e-15	125748	4.8132e-03	2.4046e-05	2.0017e+02	0.0000e+00
1.0000e-02	5	true	30	-3.6292e-03	2.9132e-04	-1.2458e+01	1.3320e-35	8.2998e-03	1.2327e-03	1.2247e-03	1.5520e+02	1.3320e-35	125748	4.8800e-03	2.3482e-05	2.0782e+02	0.0000e+00	6.6880e-04	3.2027e-04	2.0883e+00	3.6775e-02	8.3047e-03	3.4679e-05	2.6727e-05	4.3609e+00	3.6775e-02	125748	4.8529e-03	2.3482e-05	2.0666e+02	0.0000e+00
1.0000e-02	10	false	151	7.9937e-03	3.2162e-04	2.4854e+01	4.9823e-136	8.2846e-03	4.8885e-03	4.8806e-03	6.1773e+02	4.9823e-136	125748	4.8143e-03	2.3424e-05	2.0553e+02	0.0000e+00	-6.4000e-04	1.4104e-04	-4.5376e+00	5.6944e-06	8.3042e-03	1.6372e-04	1.5576e-04	2.0590e+01	5.6944e-06	125748	4.8735e-03	2.3718e-05	2.0548e+02	0.0000e+00
1.0000e-02	10	true	42	1.6015e-03	3.3469e-04	4.7852e+00	1.7104e-06	8.3041e-03	1.8206e-04	1.7411e-04	2.2898e+01	1.7104e-06	125748	4.8495e-03	2.3463e-05	2.0669e+02	0.0000e+00	-2.4007e-03	1.1765e-04	-2.0406e+01	2.0801e-92	8.2912e-03	3.3006e-03	3.2927e-03	4.1641e+02	2.0801e-92	125748	4.9228e-03	2.3606e-05	2.0854e+02	0.0000e+00
5.0000e-02	-10	false	140	3.1053e-03	1.0745e-04	2.8899e+01	4.9177e-183	8.2774e-03	6.5977e-03	6.5898e-03	8.3515e+02	4.9177e-183	125748	4.7110e-03	2.3879e-05	1.9729e+02	0.0000e+00	-6.8395e-04	6.1909e-05	-1.1048e+01	2.3167e-28	8.3009e-03	9.6969e-04	9.6174e-04	1.2205e+02	2.3167e-28	125748	4.9502e-03	2.4901e-05	1.9880e+02	0.0000e+00
5.0000e-02	-10	true	30	-1.2086e-03	1.0584e-04	-1.1419e+01	3.4740e-30	8.3006e-03	1.0359e-03	1.0280e-03	1.3040e+02	3.4740e-30	125748	4.9120e-03	2.3908e-05	2.0546e+02	0.0000e+00	-1.6193e-03	7.4816e-05	-2.1644e+01	1.0796e-103	8.2895e-03	3.7115e-03	3.7036e-03	4.6845e+02	1.0796e-103	125748	5.0060e-03	2.4376e-05	2.0537e+02	0.0000e+00
5.0000e-02	-5	false	182	6.9128e-03	1.4717e-04	4.6972e+01	0.0000e+00	8.2330e-03	1.7243e-02	1.7236e-02	2.2063e+03	0.0000e+00	125748	4.7011e-03	2.3451e-05	2.0046e+02	0.0000e+00	1.5937e-03	5.8472e-05	2.7256e+01	4.2111e-163	8.2805e-03	5.8732e-03	5.8653e-03	7.4289e+02	4.2111e-163	125748	4.6533e-03	2.4511e-05	1.8985e+02	0.0000e+00
5.0000e-02	-5	true	19	-2.0854e-03	2.0747e-04	-1.0052e+01	9.2038e-24	8.3016e-03	8.0288e-04	7.9493e-04	1.0104e+02	9.2038e-24	125748	4.8833e-03	2.3563e-05	2.0725e+02	0.0000e+00	-9.1224e-04	1.5251e-04	-5.9813e+00	2.2191e-09	8.3037e-03	2.8443e-04	2.7648e-04	3.5776e+01	2.2191e-09	125748	4.8784e-03	2.3702e-05	2.0582e+02	0.0000e+00
5.0000e-02	-1	false	1399	5.4657e-03	1.2131e-04	4.5055e+01	0.0000e+00	8.2387e-03	1.5887e-02	1.5879e-02	2.0299e+03	0.0000e+00	125748	4.6697e-03	2.3600e-05	1.9787e+02	0.0000e+00	3.8938e-03	2.2809e-05	1.7071e+02	0.0000e+00	7.4829e-03	1.8815e-01	1.8815e-01	2.9143e+04	0.0000e+00	125748	2.8166e-03	2.4250e-05	1.1615e+02	0.0000e+00
5.0000e-02	-1	true	117	4.9443e-03	1.6753e-04	2.9514e+01	8.6195e-191	8.2763e-03	6.8795e-03	6.8716e-03	8.7107e+02	8.6195e-191	125748	4.7759e-03	2.3498e-05	2.0325e+02	0.0000e+00	3.8464e-03	6.2297e-05	6.1742e+01	0.0000e+00	8.1818e-03	2.9424e-02	2.9416e-02	3.8121e+03	0.0000e+00	125748	4.3664e-03	2.4400e-05	1.7896e+02	0.0000e+00
5.0000e-02	0	false	15255	4.4928e-03	4.6540e-05	9.6537e+01	0.0000e+00	8.0133e-03	6.8998e-02	6.8991e-02	9.3193e+03	0.0000e+00	125748	4.1670e-03	2.3699e-05	1.7583e+02	0.0000e+00	2.4529e-04	6.3095e-07	3.8876e+02	0.0000e+00	5.5967e-03	5.4585e-01	5.4585e-01	1.5114e+05	0.0000e+00	125748	3.5426e-04	1.9576e-05	1.8097e+01	4.1876e-73
5.0000e-02	0	true	3846	1.3236e-03	3.0981e-05	4.2722e+01	0.0000e+00	8.2453e-03	1.4307e-02	1.4299e-02	1.8252e+03	0.0000e+00	125748	4.4501e-03	2.5122e-05	1.7714e+02	0.0000e+00	5.8537e-04	3.3896e-06	1.7270e+02	0.0000e+00	7.4665e-03	1.9171e-01	1.9170e-01	2.9824e+04	0.0000e+00	125748	1.2129e-03	2.9807e-05	4.0693e+01	0.0000e+00
5.0000e-02	1	false	1222	3.4161e-03	1.2518e-04	2.7290e+01	1.6938e-163	8.2804e-03	5.8876e-03	5.8797e-03	7.4472e+02	1.6938e-163	125748	4.7604e-03	2.3614e-05	2.0159e+02	0.0000e+00	1.4486e-03	2.2834e-05	6.3438e+01	0.0000e+00	8.1751e-03	3.1012e-02	3.1004e-02	4.0244e+03	0.0000e+00	125748	3.7793e-03	2.8631e-05	1.3200e+02	0.0000e+00
5.0000e-02	1	true	97	1.1812e-04	2.5035e-04	4.7182e-01	6.3706e-01	8.3049e-03	1.7703e-06	-6.1822e-06	2.2261e-01	6.3706e-01	125748	4.8554e-03	2.3522e-05	2.0642e+02	0.0000e+00	2.4446e-03	8.5236e-05	2.8681e+01	2.5445e-180	8.2779e-03	6.4991e-03	6.4912e-03	8.2258e+02	2.5445e-180	125748	4.6758e-03	2.4178e-05	1.9339e+02	0.0000e+00
5.0000e-02	5	false	97	5.0021e-05	1.2002e-04	4.1676e-01	6.7685e-01	8.3049e-03	1.3813e-06	-6.5713e-06	1.7369e-01	6.7685e-01	125748	4.8546e-03	2.3849e-05	2.0355e+02	0.0000e+00	5.4031e-04	1.1135e-04	4.8524e+00	1.2213e-06	8.3041e-03	1.8721e-04	1.7926e-04	2.3546e+01	1.2213e-06	125748	4.8330e-03	2.3910e-05	2.0214e+02	0.0000e+00
5.0000e-02	5	true	9	3.2688e-03	5.3102e-04	6.1557e+00	7.4975e-10	8.3036e-03	3.0125e-04	2.9330e-04	3.7893e+01	7.4975e-10	125748	4.8501e-03	2.3439e-05	2.0692e+02	0.0000e+00	4.2214e-03	2.5781e-04	1.6374e+01	3.3811e-60	8.2960e-03	2.1276e-03	2.1197e-03	2.6811e+02	3.3811e-60	125748	4.8217e-03	2.3491e-05	2.0526e+02	0.0000e+00
5.0000e-02	10	false	42	6.8168e-03	2.9669e-04	2.2976e+01	1.4174e-116	8.2875e-03	4.1805e-03	4.1726e-03	5.2789e+02	1.4174e-116	125748	4.8145e-03	2.3442e-05	2.0538e+02	0.0000e+00	-1.5004e-03	1.3103e-04	-1.1450e+01	2.4230e-30	8.3006e-03	1.0416e-03	1.0336e-03	1.3111e+02	2.4230e-30	125748	4.9042e-03	2.3776e-05	2.0627e+02	0.0000e+00
5.0000e-02	10	true	5	1.1582e-02	9.5236e-04	1.2161e+01	5.2196e-34	8.3000e-03	1.1748e-03	1.1668e-03	1.4790e+02	5.2196e-34	125748	4.8494e-03	2.3413e-05	2.0713e+02	0.0000e+00	8.9947e-03	8.2631e-04	1.0885e+01	1.3915e-27	8.3010e-03	9.4143e-04	9.3348e-04	1.1849e+02	1.3915e-27	125748	4.8492e-03	2.3418e-05	2.0707e+02	0.0000e+00
1.0000e-01	-10	false	133	7.9678e-03	7.6819e-05	1.0372e+02	0.0000e+00	7.9709e-03	7.8813e-02	7.8806e-02	1.0758e+04	0.0000e+00	125748	4.2356e-03	2.3261e-05	1.8209e+02	0.0000e+00	7.3705e-04	4.1958e-05	1.7566e+01	5.4080e-69	8.2947e-03	2.4479e-03	2.4400e-03	3.0857e+02	5.4080e-69	125748	4.6324e-03	2.6642e-05	1.7388e+02	0.0000e+00
1.0000e-01	-10	true	22	7.4544e-04	1.2574e-04	5.9285e+00	3.0655e-09	8.3037e-03	2.7943e-04	2.7148e-04	3.5147e+01	3.0655e-09	125748	4.8305e-03	2.3823e-05	2.0276e+02	0.0000e+00	4.4027e-04	7.2779e-05	6.0494e+00	1.4578e-09	8.3037e-03	2.9094e-04	2.8299e-04	3.6595e+01	1.4578e-09	125748	4.8106e-03	2.4611e-05	1.9547e+02	0.0000e+00
1.0000e-01	-5	false	145	1.0022e-02	1.0153e-04	9.8711e+01	0.0000e+00	8.0007e-03	7.1916e-02	7.1908e-02	9.7439e+03	0.0000e+00	125748	4.4013e-03	2.3028e-05	1.9112e+02	0.0000e+00	5.5482e-03	5.0010e-05	1.1094e+02	0.0000e+00	7.9260e-03	8.9153e-02	8.9146e-02	1.2308e+04	0.0000e+00	125748	3.8795e-03	2.4023e-05	1.6149e+02	0.0000e+00
1.0000e-01	-5	true	13	-4.5692e-04	3.1544e-04	-1.4485e+00	1.4747e-01	8.3048e-03	1.6686e-05	8.7337e-06	2.0983e+00	1.4747e-01	125748	4.8590e-03	2.3484e-05	2.0690e+02	0.0000e+00	1.2104e-03	1.6522e-04	7.3258e+00	2.3886e-13	8.3031e-03	4.2661e-04	4.1866e-04	5.3668e+01	2.3886e-13	125748	4.8317e-03	2.3656e-05	2.0425e+02	0.0000e+00
1.0000e-01	-1	false	1505	7.4393e-03	7.2950e-05	1.0198e+02	0.0000e+00	7.9814e-03	7.6386e-02	7.6379e-02	1.0400e+04	0.0000e+00	125748	4.2852e-03	2.3194e-05	1.8475e+02	0.0000e+00	2.6649e-03	1.0046e-05	2.6527e+02	0.0000e+00	6.6500e-03	3.5882e-01	3.5882e-01	7.0371e+04	0.0000e+00	125748	6.8739e-04	2.4468e-05	2.8094e+01	4.0214e-173
1.0000e-01	-1	true	151	3.0156e-03	1.1017e-04	2.7371e+01	1.8359e-164	8.2803e-03	5.9227e-03	5.9148e-03	7.4919e+02	1.8359e-164	125748	4.7270e-03	2.3824e-05	1.9841e+02	0.0000e+00	3.5202e-03	3.7395e-05	9.4138e+01	0.0000e+00	8.0269e-03	6.5836e-02	6.5828e-02	8.8620e+03	0.0000e+00	125748	3.7573e-03	2.5470e-05	1.4752e+02	0.0000e+00
1.0000e-01	0	false	16683	4.2383e-03	2.5522e-05	1.6606e+02	0.0000e+00	7.5210e-03	1.7986e-01	1.7985e-01	2.7577e+04	0.0000e+00	125748	3.2366e-03	2.3345e-05	1.3864e+02	0.0000e+00	1.0241e-04	1.5420e-07	6.6415e+02	0.0000e+00	3.9116e-03	7.7816e-01	7.7816e-01	4.4110e+05	0.0000e+00	125748	-1.3380e-03	1.4445e-05	-9.2627e+01	0.0000e+00
1.0000e-01	0	true	4149	1.7546e-03	2.1369e-05	8.2109e+01	0.0000e+00	8.0908e-03	5.0886e-02	5.0879e-02	6.7418e+03	0.0000e+00	125748	3.6499e-03	2.7139e-05	1.3449e+02	0.0000e+00	3.7701e-04	1.0282e-06	3.6667e+02	0.0000e+00	5.7735e-03	5.1671e-01	5.1671e-01	1.3444e+05	0.0000e+00	125748	-2.3498e-03	2.5521e-05	-9.2071e+01	0.0000e+00
1.0000e-01	1	false	1206	4.3083e-03	8.0217e-05	5.3708e+01	0.0000e+00	8.2112e-03	2.2425e-02	2.2417e-02	2.8845e+03	0.0000e+00	125748	4.5163e-03	2.4006e-05	1.8813e+02	0.0000e+00	1.6621e-03	1.0558e-05	1.5742e+02	0.0000e+00	7.5906e-03	1.6463e-01	1.6462e-01	2.4781e+04	0.0000e+00	125748	8.8572e-04	3.3082e-05	2.6773e+01	1.8318e-157
1.0000e-01	1	true	124	4.6582e-03	1.2170e-04	3.8274e+01	1.1296e-318	8.2569e-03	1.1516e-02	1.1508e-02	1.4649e+03	1.1296e-318	125748	4.7230e-03	2.3544e-05	2.0060e+02	0.0000e+00	2.4452e-03	4.9835e-05	4.9067e+01	0.0000e+00	8.2265e-03	1.8786e-02	1.8779e-02	2.4075e+03	0.0000e+00	125748	4.3818e-03	2.5135e-05	1.7434e+02	0.0000e+00
1.0000e-01	5	false	72	-1.2812e-03	8.3836e-05	-1.5282e+01	1.1235e-52	8.2972e-03	1.8538e-03	1.8459e-03	2.3354e+02	1.1235e-52	125748	4.9585e-03	2.4332e-05	2.0379e+02	0.0000e+00	1.7209e-03	6.9203e-05	2.4868e+01	3.5464e-136	8.2845e-03	4.8939e-03	4.8859e-03	6.1841e+02	3.5464e-136	125748	4.6699e-03	2.4537e-05	1.9032e+02	0.0000e+00
1.0000e-01	5	true	10	6.7068e-03	5.7189e-04	1.1727e+01	9.5741e-32	8.3004e-03	1.0925e-03	1.0846e-03	1.3753e+02	9.5741e-32	125748	4.8453e-03	2.3426e-05	2.0683e+02	0.0000e+00	7.0967e-04	1.9850e-04	3.5752e+00	3.5015e-04	8.3045e-03	1.0164e-04	9.3685e-05	1.2782e+01	3.5015e-04	125748	4.8467e-03	2.3577e-05	2.0557e+02	0.0000e+00
1.0000e-01	10	false	35	8.3919e-03	2.9012e-04	2.8926e+01	2.2805e-183	8.2774e-03	6.6098e-03	6.6019e-03	8.3669e+02	2.2805e-183	125748	4.8037e-03	2.3414e-05	2.0517e+02	0.0000e+00	4.0939e-03	1.4819e-04	2.7627e+01	1.6734e-167	8.2798e-03	6.0332e-03	6.0253e-03	7.6326e+02	1.6734e-167	125748	4.7700e-03	2.3558e-05	2.0248e+02	0.0000e+00
1.0000e-01	10	true	2	1.4794e-02	1.0217e-03	1.4480e+01	1.7781e-47	8.2980e-03	1.6646e-03	1.6566e-03	2.0966e+02	1.7781e-47	125748	4.8487e-03	2.3406e-05	2.0715e+02	0.0000e+00	1.0983e-02	3.2663e-04	3.3624e+01	9.4080e-247	8.2678e-03	8.9108e-03	8.9029e-03	1.1306e+03	9.4080e-247	125748	4.8002e-03	2.3375e-05	2.0535e+02	0.0000e+00
2.0000e-01	-10	false	188	5.4226e-03	2.0063e-05	2.7028e+02	0.0000e+00	6.6050e-03	3.6747e-01	3.6747e-01	7.3053e+04	0.0000e+00	125748	2.0795e-03	2.1272e-05	9.7761e+01	0.0000e+00	1.6022e-03	1.1034e-05	1.4520e+02	0.0000e+00	7.6855e-03	1.4359e-01	1.4359e-01	2.1084e+04	0.0000e+00	125748	3.7080e-04	3.7737e-05	9.8259e+00	8.8782e-23
2.0000e-01	-10	true	28	8.2519e-04	5.5554e-05	1.4854e+01	7.2432e-50	8.2976e-03	1.7515e-03	1.7436e-03	2.2064e+02	7.2432e-50	125748	4.7150e-03	2.5262e-05	1.8664e+02	0.0000e+00	4.6594e-04	3.0165e-05	1.5446e+01	8.9713e-54	8.2970e-03	1.8938e-03	1.8858e-03	2.3858e+02	8.9713e-54	125748	4.5901e-03	2.9066e-05	1.5792e+02	0.0000e+00
2.0000e-01	-5	false	252	4.7850e-03	2.8484e-05	1.6799e+02	0.0000e+00	7.5053e-03	1.8328e-01	1.8328e-01	2.8219e+04	0.0000e+00	125748	2.6809e-03	2.4813e-05	1.0804e+02	0.0000e+00	2.2941e-03	8.4191e-06	2.7249e+02	0.0000e+00	6.5852e-03	3.7126e-01	3.7125e-01	7.4249e+04	0.0000e+00	125748	-4.4051e-04	2.6884e-05	-1.6386e+01	2.7905e-60
2.0000e-01	-5	true	23	5.3275e-03	8.5666e-05	6.2189e+01	0.0000e+00	8.1800e-03	2.9838e-02	2.9831e-02	3.8675e+03	0.0000e+00	125748	4.4766e-03	2.3863e-05	1.8760e+02	0.0000e+00	5.3062e-03	4.6836e-05	1.1329e+02	0.0000e+00	7.9109e-03	9.2620e-02	9.2612e-02	1.2835e+04	0.0000e+00	125748	3.7612e-03	2.4313e-05	1.5470e+02	0.0000e+00
2.0000e-01	-1	false	2883	5.2254e-03	2.1373e-05	2.4449e+02	0.0000e+00	6.8373e-03	3.2219e-01	3.2219e-01	5.9773e+04	0.0000e+00	125748	2.1598e-03	2.2213e-05	9.7230e+01	0.0000e+00	2.0581e-04	7.2513e-07	2.8383e+02	0.0000e+00	6.4838e-03	3.9048e-01	3.9048e-01	8.0558e+04	0.0000e+00	125748	-7.1060e-03	4.5942e-05	-1.5467e+02	0.0000e+00
2.0000e-01	-1	true	281	9.8763e-04	4.9108e-05	2.0111e+01	8.1556e-90	8.2916e-03	3.2062e-03	3.1983e-03	4.0446e+02	8.1556e-90	125748	4.6366e-03	2.5810e-05	1.7964e+02	0.0000e+00	1.4342e-03	4.7965e-06	2.9902e+02	0.0000e+00	6.3489e-03	4.1557e-01	4.1556e-01	8.9413e+04	0.0000e+00	125748	-3.8212e-03	3.4099e-05	-1.1206e+02	0.0000e+00
2.0000e-01	0	false	46184	1.2739e-03	3.1540e-06	4.0390e+02	0.0000e+00	5.4792e-03	5.6472e-01	5.6471e-01	1.6314e+05	0.0000e+00	125748	-9.6547e-04	2.1131e-05	-4.5690e+01	0.0000e+00	8.3838e-06	9.4188e-09	8.9011e+02	0.0000e+00	3.0736e-03	8.6303e-01	8.6303e-01	7.9229e+05	0.0000e+00	125748	-3.9896e-03	1.3187e-05	-3.0254e+02	0.0000e+00
2.0000e-01	0	true	9450	8.4664e-04	5.3252e-06	1.5899e+02	0.0000e+00	7.5781e-03	1.6737e-01	1.6737e-01	2.5277e+04	0.0000e+00	125748	2.5328e-04	3.5985e-05	7.0384e+00	1.9538e-12	3.7342e-05	7.2576e-08	5.1452e+02	0.0000e+00	4.7128e-03	6.7797e-01	6.7797e-01	2.6473e+05	0.0000e+00	125748	-6.0376e-03	2.4999e-05	-2.4152e+02	0.0000e+00
2.0000e-01	1	false	2338	3.4293e-03	2.2517e-05	1.5230e+02	0.0000e+00	7.6309e-03	1.5573e-01	1.5573e-01	2.3195e+04	0.0000e+00	125748	2.6870e-03	2.5807e-05	1.0412e+02	0.0000e+00	2.3467e-04	8.0478e-07	2.9159e+02	0.0000e+00	6.4147e-03	4.0341e-01	4.0340e-01	8.5027e+04	0.0000e+00	125748	-5.9366e-03	4.1198e-05	-1.4410e+02	0.0000e+00
2.0000e-01	1	true	236	2.5193e-03	6.4546e-05	3.9031e+01	0.0000e+00	8.2550e-03	1.1970e-02	1.1962e-02	1.5234e+03	0.0000e+00	125748	4.5359e-03	2.4685e-05	1.8375e+02	0.0000e+00	1.3288e-03	6.5277e-06	2.0356e+02	0.0000e+00	7.2025e-03	2.4786e-01	2.4785e-01	4.1438e+04	0.0000e+00	125748	-1.4138e-03	3.6896e-05	-3.8319e+01	2.0936e-319
2.0000e-01	5	false	156	7.5078e-03	3.7166e-05	2.0201e+02	0.0000e+00	7.2161e-03	2.4501e-01	2.4501e-01	4.0808e+04	0.0000e+00	125748	3.1835e-03	2.1970e-05	1.4490e+02	0.0000e+00	2.3415e-03	1.1102e-05	2.1091e+02	0.0000e+00	7.1378e-03	2.6130e-01	2.6130e-01	4.4481e+04	0.0000e+00	125748	7.0297e-04	2.8160e-05	2.4963e+01	3.3250e-137
2.0000e-01	5	true	8	9.8571e-03	2.1475e-04	4.5900e+01	0.0000e+00	8.2362e-03	1.6479e-02	1.6471e-02	2.1069e+03	0.0000e+00	125748	4.7415e-03	2.3361e-05	2.0297e+02	0.0000e+00	6.6328e-03	6.0814e-05	1.0907e+02	0.0000e+00	7.9379e-03	8.6424e-02	8.6417e-02	1.1896e+04	0.0000e+00	125748	3.9818e-03	2.3778e-05	1.6746e+02	0.0000e+00
2.0000e-01	10	false	33	8.9001e-03	1.1760e-04	7.5679e+01	0.0000e+00	8.1220e-03	4.3562e-02	4.3554e-02	5.7272e+03	0.0000e+00	125748	4.5307e-03	2.3305e-05	1.9441e+02	0.0000e+00	6.3461e-03	7.0297e-05	9.0276e+01	0.0000e+00	8.0482e-03	6.0866e-02	6.0859e-02	8.1498e+03	0.0000e+00	125748	4.2377e-03	2.3708e-05	1.7874e+02	0.0000e+00
2.0000e-01	10	true	7	1.1152e-02	2.6216e-04	4.2540e+01	0.0000e+00	8.2458e-03	1.4187e-02	1.4179e-02	1.8096e+03	0.0000e+00	125748	4.7691e-03	2.3344e-05	2.0430e+02	0.0000e+00	1.0935e-02	1.3004e-04	8.4088e+01	0.0000e+00	8.0808e-03	5.3238e-02	5.3230e-02	7.0709e+03	0.0000e+00	125748	4.5195e-03	2.3138e-05	1.9533e+02	0.0000e+00
